# unix_time, cycles_done, cur_path, paths_total, pending_total, pending_favs, map_size, unique_crashes, unique_hangs, max_depth, execs_per_sec
1588002546, 0, 0, 1, 1, 1, 0.54%, 0, 0, 1, 1600.00
1588002552, 2, 9, 20, 13, 0, 0.54%, 0, 0, 2, 2656.80
1588002557, 5, 17, 20, 4, 0, 0.54%, 0, 0, 2, 2819.21
1588002562, 10, 0, 20, 2, 0, 0.54%, 0, 0, 2, 2896.54
1588002567, 14, 17, 20, 0, 0, 0.54%, 0, 0, 2, 3002.30
1588002572, 20, 8, 20, 0, 0, 0.54%, 0, 0, 2, 3015.47
1588002577, 25, 18, 20, 0, 0, 0.54%, 0, 0, 2, 3017.89
1588002582, 31, 9, 20, 0, 0, 0.54%, 0, 0, 2, 3014.17
1588002587, 36, 18, 20, 0, 0, 0.54%, 0, 0, 2, 3009.30
1588002593, 42, 13, 20, 0, 0, 0.54%, 0, 0, 2, 3009.11
1588002598, 47, 18, 20, 0, 0, 0.54%, 0, 0, 2, 3009.96
1588002603, 53, 8, 20, 0, 0, 0.54%, 0, 0, 2, 2929.27
1588002608, 58, 17, 20, 0, 0, 0.54%, 0, 0, 2, 2754.22
1588002613, 63, 13, 20, 0, 0, 0.54%, 0, 0, 2, 2793.97
1588002618, 68, 18, 20, 0, 0, 0.54%, 0, 0, 2, 2884.08
1588002623, 73, 18, 20, 0, 0, 0.54%, 0, 0, 2, 2914.22
1588002629, 78, 13, 20, 0, 0, 0.54%, 0, 0, 2, 2930.08
1588002634, 83, 13, 20, 0, 0, 0.54%, 0, 0, 2, 2882.37
1588002639, 88, 17, 20, 0, 0, 0.54%, 0, 0, 2, 2912.07
1588002644, 94, 13, 20, 0, 0, 0.54%, 0, 0, 2, 2919.38
1588002649, 99, 18, 20, 0, 0, 0.54%, 0, 0, 2, 2834.28
1588002654, 104, 17, 20, 0, 0, 0.54%, 0, 0, 2, 2897.72
1588002659, 109, 18, 20, 0, 0, 0.54%, 0, 0, 2, 2854.76
1588002665, 115, 13, 20, 0, 0, 0.54%, 0, 0, 2, 2883.72
1588002670, 121, 10, 20, 0, 0, 0.54%, 0, 0, 2, 2968.12
1588002675, 126, 18, 20, 0, 0, 0.54%, 0, 0, 2, 2796.87
1588002680, 132, 13, 20, 0, 0, 0.54%, 0, 0, 2, 2869.81
1588002685, 138, 1, 20, 0, 0, 0.54%, 0, 0, 2, 2932.76
1588002690, 142, 18, 20, 0, 0, 0.54%, 0, 0, 2, 2867.86
1588002695, 147, 18, 20, 0, 0, 0.54%, 0, 0, 2, 2829.33
1588002701, 152, 17, 20, 0, 0, 0.54%, 0, 0, 2, 2913.76
1588002706, 157, 17, 20, 0, 0, 0.54%, 0, 0, 2, 3011.09
1588002711, 162, 17, 20, 0, 0, 0.54%, 0, 0, 2, 2889.98
1588002716, 168, 11, 20, 0, 0, 0.54%, 0, 0, 2, 2919.01
1588002721, 172, 18, 20, 0, 0, 0.54%, 0, 0, 2, 2878.93
1588002726, 178, 13, 20, 0, 0, 0.54%, 0, 0, 2, 2885.56
1588002731, 182, 18, 20, 0, 0, 0.54%, 0, 0, 2, 2792.39
1588002737, 188, 0, 20, 0, 0, 0.54%, 0, 0, 2, 2886.95
1588002742, 193, 17, 20, 0, 0, 0.54%, 0, 0, 2, 2971.97
1588002747, 198, 18, 20, 0, 0, 0.54%, 0, 0, 2, 3013.06
1588002752, 203, 8, 20, 0, 0, 0.54%, 0, 0, 2, 3024.03
1588002757, 209, 1, 20, 0, 0, 0.54%, 0, 0, 2, 3030.72
1588002762, 214, 17, 20, 0, 0, 0.54%, 0, 0, 2, 3029.33
1588002767, 220, 8, 20, 0, 0, 0.54%, 0, 0, 2, 2969.33
1588002772, 225, 13, 20, 0, 0, 0.54%, 0, 0, 2, 3021.22
1588002778, 230, 18, 20, 0, 0, 0.54%, 0, 0, 2, 2986.95
1588002783, 236, 13, 20, 0, 0, 0.54%, 0, 0, 2, 2981.16
1588002788, 241, 17, 20, 0, 0, 0.54%, 0, 0, 2, 2991.85
1588002793, 247, 13, 20, 0, 0, 0.54%, 0, 0, 2, 2964.94
1588002798, 252, 17, 20, 0, 0, 0.54%, 0, 0, 2, 2985.94
1588002803, 257, 13, 20, 0, 0, 0.54%, 0, 0, 2, 2849.43
1588002809, 262, 17, 20, 0, 0, 0.54%, 0, 0, 2, 2880.09
1588002814, 268, 8, 20, 0, 0, 0.54%, 0, 0, 2, 2917.73
1588002819, 273, 13, 20, 0, 0, 0.54%, 0, 0, 2, 2930.82
1588002824, 279, 13, 20, 0, 0, 0.54%, 0, 0, 2, 2973.84
1588002829, 284, 13, 20, 0, 0, 0.54%, 0, 0, 2, 2986.09
1588002834, 289, 13, 20, 0, 0, 0.54%, 0, 0, 2, 3012.45
1588002839, 294, 17, 20, 0, 0, 0.54%, 0, 0, 2, 3025.99
1588002844, 300, 17, 20, 0, 0, 0.54%, 0, 0, 2, 3005.32
1588002850, 305, 13, 20, 0, 0, 0.54%, 0, 0, 2, 2989.03
1588002855, 310, 17, 20, 0, 0, 0.54%, 0, 0, 2, 3006.92
1588002860, 316, 13, 20, 0, 0, 0.54%, 0, 0, 2, 3028.83
1588002865, 322, 13, 20, 0, 0, 0.54%, 0, 0, 2, 3001.08
1588002870, 327, 18, 20, 0, 0, 0.54%, 0, 0, 2, 2891.12
1588002875, 333, 17, 20, 0, 0, 0.54%, 0, 0, 2, 2941.03
1588002880, 338, 8, 20, 0, 0, 0.54%, 0, 0, 2, 3009.07
1588002885, 343, 13, 20, 0, 0, 0.54%, 0, 0, 2, 2938.83
1588002891, 347, 17, 20, 0, 0, 0.54%, 0, 0, 2, 2958.95
1588002896, 353, 8, 20, 0, 0, 0.54%, 0, 0, 2, 3020.29
1588002901, 358, 17, 20, 0, 0, 0.54%, 0, 0, 2, 3031.80
1588002906, 362, 18, 20, 0, 0, 0.54%, 0, 0, 2, 3035.49
1588002911, 366, 18, 20, 0, 0, 0.54%, 0, 0, 2, 3036.70
1588002916, 372, 13, 20, 0, 0, 0.54%, 0, 0, 2, 3036.75
1588002921, 377, 13, 20, 0, 0, 0.54%, 0, 0, 2, 3034.89
1588002926, 383, 15, 20, 0, 0, 0.54%, 0, 0, 2, 3040.52
1588002931, 388, 8, 20, 0, 0, 0.54%, 0, 0, 2, 3001.38
1588002937, 393, 13, 20, 0, 0, 0.54%, 0, 0, 2, 2977.39
1588002942, 398, 18, 20, 0, 0, 0.54%, 0, 0, 2, 2982.57
1588002947, 404, 8, 20, 0, 0, 0.54%, 0, 0, 2, 2986.71
1588002952, 410, 13, 20, 0, 0, 0.54%, 0, 0, 2, 2990.50
1588002957, 416, 11, 20, 0, 0, 0.54%, 0, 0, 2, 2870.59
1588002962, 419, 18, 20, 0, 0, 0.54%, 0, 0, 2, 2767.53
1588002968, 425, 17, 20, 0, 0, 0.54%, 0, 0, 2, 2882.48
1588002973, 431, 17, 20, 0, 0, 0.54%, 0, 0, 2, 2857.03
1588002978, 436, 17, 20, 0, 0, 0.54%, 0, 0, 2, 2867.32
1588002983, 441, 18, 20, 0, 0, 0.54%, 0, 0, 2, 2957.75
1588002988, 447, 17, 20, 0, 0, 0.54%, 0, 0, 2, 2895.37
1588002993, 453, 13, 20, 0, 0, 0.54%, 0, 0, 2, 2941.24
1588002998, 458, 17, 20, 0, 0, 0.54%, 0, 0, 2, 2912.06
1588003004, 463, 18, 20, 0, 0, 0.54%, 0, 0, 2, 2918.33
1588003009, 468, 13, 20, 0, 0, 0.54%, 0, 0, 2, 2937.62
1588003014, 474, 8, 20, 0, 0, 0.54%, 0, 0, 2, 3000.48
1588003019, 480, 12, 20, 0, 0, 0.54%, 0, 0, 2, 3030.20
1588003024, 485, 18, 20, 0, 0, 0.54%, 0, 0, 2, 3036.15
1588003029, 491, 17, 20, 0, 0, 0.54%, 0, 0, 2, 3033.21
1588003034, 497, 0, 20, 0, 0, 0.54%, 0, 0, 2, 3030.75
1588003039, 502, 18, 20, 0, 0, 0.54%, 0, 0, 2, 3033.10
1588003044, 508, 13, 20, 0, 0, 0.54%, 0, 0, 2, 3025.42
1588003050, 513, 17, 20, 0, 0, 0.54%, 0, 0, 2, 3024.44
1588003055, 519, 14, 20, 0, 0, 0.54%, 0, 0, 2, 3027.61
1588003060, 525, 2, 20, 0, 0, 0.54%, 0, 0, 2, 3024.06
1588003065, 530, 8, 20, 0, 0, 0.54%, 0, 0, 2, 3020.64
1588003070, 535, 8, 20, 0, 0, 0.54%, 0, 0, 2, 3019.96
1588003075, 540, 1, 20, 0, 0, 0.54%, 0, 0, 2, 3019.30
1588003080, 545, 13, 20, 0, 0, 0.54%, 0, 0, 2, 3005.49
1588003085, 550, 17, 20, 0, 0, 0.54%, 0, 0, 2, 2851.08
1588003091, 555, 14, 20, 0, 0, 0.54%, 0, 0, 2, 2837.61
1588003096, 559, 17, 20, 0, 0, 0.54%, 0, 0, 2, 2961.80
1588003101, 565, 9, 20, 0, 0, 0.54%, 0, 0, 2, 2975.10
1588003106, 570, 13, 20, 0, 0, 0.54%, 0, 0, 2, 2994.28
1588003111, 575, 17, 20, 0, 0, 0.54%, 0, 0, 2, 3003.52
1588003116, 580, 17, 20, 0, 0, 0.54%, 0, 0, 2, 3005.43
1588003121, 585, 18, 20, 0, 0, 0.54%, 0, 0, 2, 3006.13
1588003127, 591, 13, 20, 0, 0, 0.54%, 0, 0, 2, 3009.60
1588003132, 597, 1, 20, 0, 0, 0.54%, 0, 0, 2, 3007.39
1588003137, 601, 17, 20, 0, 0, 0.54%, 0, 0, 2, 3005.62
1588003142, 606, 17, 20, 0, 0, 0.54%, 0, 0, 2, 3005.79
1588003147, 611, 20, 21, 1, 1, 0.54%, 0, 0, 3, 3001.30
1588003152, 614, 13, 21, 0, 0, 0.54%, 0, 0, 3, 2988.29
1588003158, 616, 20, 21, 0, 0, 0.54%, 0, 0, 3, 2982.40
1588003163, 619, 20, 21, 0, 0, 0.54%, 0, 0, 3, 2982.61
1588003168, 622, 13, 21, 0, 0, 0.54%, 0, 0, 3, 2987.92
1588003173, 625, 10, 21, 0, 0, 0.54%, 0, 0, 3, 2981.33
1588003178, 627, 20, 21, 0, 0, 0.54%, 0, 0, 3, 2981.02
1588003183, 630, 20, 21, 0, 0, 0.54%, 0, 0, 3, 2981.76
1588003189, 633, 13, 21, 0, 0, 0.54%, 0, 0, 3, 2982.03
