# unix_time, cycles_done, cur_path, paths_total, pending_total, pending_favs, map_size, unique_crashes, unique_hangs, max_depth, execs_per_sec
1588008635, 0, 0, 1, 1, 1, 0.54%, 0, 0, 1, 1600.00
1588008641, 0, 0, 17, 17, 1, 0.54%, 0, 0, 2, 2628.79
1588008651, 2, 1, 17, 11, 0, 0.54%, 0, 0, 2, 2895.19
1588008656, 3, 7, 17, 8, 0, 0.54%, 0, 0, 2, 2976.13
1588008661, 5, 5, 17, 5, 0, 0.54%, 0, 0, 2, 2921.11
1588008666, 7, 10, 17, 1, 0, 0.54%, 0, 0, 2, 2872.93
1588008671, 13, 7, 17, 0, 0, 0.54%, 0, 0, 2, 2873.38
1588008676, 19, 0, 17, 0, 0, 0.54%, 0, 0, 2, 2894.63
1588008681, 24, 16, 17, 0, 0, 0.54%, 0, 0, 2, 2862.28
1588008687, 31, 6, 17, 0, 0, 0.54%, 0, 0, 2, 2865.31
1588008692, 38, 7, 17, 0, 0, 0.54%, 0, 0, 2, 2880.19
1588008697, 44, 11, 17, 0, 0, 0.54%, 0, 0, 2, 2912.53
1588008702, 50, 10, 17, 0, 0, 0.54%, 0, 0, 2, 2935.43
1588008707, 57, 7, 17, 0, 0, 0.54%, 0, 0, 2, 2975.39
1588008712, 64, 5, 17, 0, 0, 0.54%, 0, 0, 2, 2988.06
1588008717, 70, 3, 17, 0, 0, 0.54%, 0, 0, 2, 2989.78
1588008723, 76, 11, 17, 0, 0, 0.54%, 0, 0, 2, 2987.16
1588008728, 82, 7, 17, 0, 0, 0.54%, 0, 0, 2, 2912.57
1588008733, 89, 7, 17, 0, 0, 0.54%, 0, 0, 2, 2882.79
1588008738, 95, 7, 17, 0, 0, 0.54%, 0, 0, 2, 2895.59
1588008743, 100, 11, 17, 0, 0, 0.54%, 0, 0, 2, 2851.98
1588008748, 108, 3, 17, 0, 0, 0.54%, 0, 0, 2, 2886.70
1588008754, 114, 10, 17, 0, 0, 0.54%, 0, 0, 2, 2899.69
1588008759, 119, 10, 17, 0, 0, 0.54%, 0, 0, 2, 2786.23
1588008764, 125, 10, 17, 0, 0, 0.54%, 0, 0, 2, 2847.45
1588008769, 132, 5, 17, 0, 0, 0.54%, 0, 0, 2, 2908.00
1588008774, 137, 11, 17, 0, 0, 0.54%, 0, 0, 2, 2852.75
1588008779, 142, 11, 17, 0, 0, 0.54%, 0, 0, 2, 2883.76
1588008784, 149, 2, 17, 0, 0, 0.54%, 0, 0, 2, 2938.97
1588008789, 155, 7, 17, 0, 0, 0.54%, 0, 0, 2, 2857.54
1588008795, 161, 8, 17, 0, 0, 0.54%, 0, 0, 2, 2833.19
1588008800, 166, 11, 17, 0, 0, 0.54%, 0, 0, 2, 2625.96
1588008805, 173, 7, 17, 0, 0, 0.54%, 0, 0, 2, 2793.52
1588008810, 179, 11, 17, 0, 0, 0.54%, 0, 0, 2, 2847.81
1588008815, 185, 7, 17, 0, 0, 0.54%, 0, 0, 2, 2874.01
1588008820, 191, 10, 17, 0, 0, 0.54%, 0, 0, 2, 2844.08
1588008826, 197, 7, 17, 0, 0, 0.54%, 0, 0, 2, 2814.24
1588008831, 202, 13, 17, 0, 0, 0.54%, 0, 0, 2, 2843.24
1588008836, 209, 6, 17, 0, 0, 0.54%, 0, 0, 2, 2898.10
1588008841, 214, 11, 17, 0, 0, 0.54%, 0, 0, 2, 2916.52
1588008846, 220, 11, 17, 0, 0, 0.54%, 0, 0, 2, 2883.68
1588008851, 226, 7, 17, 0, 0, 0.54%, 0, 0, 2, 2904.03
1588008857, 232, 11, 17, 0, 0, 0.54%, 0, 0, 2, 2865.66
1588008862, 238, 11, 17, 0, 0, 0.54%, 0, 0, 2, 2938.13
1588008867, 244, 16, 17, 0, 0, 0.54%, 0, 0, 2, 2882.72
1588008872, 250, 11, 17, 0, 0, 0.54%, 0, 0, 2, 2895.03
1588008877, 257, 7, 17, 0, 0, 0.54%, 0, 0, 2, 2879.48
1588008882, 263, 7, 17, 0, 0, 0.54%, 0, 0, 2, 2752.19
1588008887, 269, 1, 17, 0, 0, 0.54%, 0, 0, 2, 2759.43
1588008893, 274, 7, 17, 0, 0, 0.54%, 0, 0, 2, 2725.60
1588008898, 280, 10, 17, 0, 0, 0.54%, 0, 0, 2, 2719.39
1588008903, 286, 11, 17, 0, 0, 0.54%, 0, 0, 2, 2656.74
1588008908, 292, 6, 17, 0, 0, 0.54%, 0, 0, 2, 2499.73
1588008913, 296, 7, 17, 0, 0, 0.54%, 0, 0, 2, 2316.55
1588008919, 301, 11, 17, 0, 0, 0.54%, 0, 0, 2, 2260.77
1588008924, 306, 7, 17, 0, 0, 0.54%, 0, 0, 2, 2229.63
1588008929, 310, 11, 17, 0, 0, 0.54%, 0, 0, 2, 2260.81
1588008934, 316, 10, 17, 0, 0, 0.54%, 0, 0, 2, 2379.65
1588008939, 321, 10, 17, 0, 0, 0.54%, 0, 0, 2, 2407.66
1588008944, 325, 11, 17, 0, 0, 0.54%, 0, 0, 2, 2302.92
1588008949, 331, 7, 17, 0, 0, 0.54%, 0, 0, 2, 2370.83
1588008955, 335, 11, 17, 0, 0, 0.54%, 0, 0, 2, 2374.23
1588008960, 341, 4, 17, 0, 0, 0.54%, 0, 0, 2, 2411.69
1588008965, 345, 11, 17, 0, 0, 0.54%, 0, 0, 2, 2673.57
1588008970, 352, 7, 17, 0, 0, 0.54%, 0, 0, 2, 2739.81
1588008975, 358, 8, 17, 0, 0, 0.54%, 0, 0, 2, 2816.53
1588008981, 364, 7, 17, 0, 0, 0.54%, 0, 0, 2, 2784.08
1588008986, 370, 6, 17, 0, 0, 0.54%, 0, 0, 2, 2772.84
1588008991, 375, 11, 17, 0, 0, 0.54%, 0, 0, 2, 2742.24
1588008996, 381, 10, 17, 0, 0, 0.54%, 0, 0, 2, 2721.35
1588009001, 387, 8, 17, 0, 0, 0.54%, 0, 0, 2, 2720.51
1588009006, 393, 10, 17, 0, 0, 0.54%, 0, 0, 2, 2792.81
1588009011, 398, 11, 17, 0, 0, 0.54%, 0, 0, 2, 2740.21
1588009017, 405, 0, 17, 0, 0, 0.54%, 0, 0, 2, 2845.99
1588009022, 410, 10, 17, 0, 0, 0.54%, 0, 0, 2, 2901.88
1588009027, 416, 10, 17, 0, 0, 0.54%, 0, 0, 2, 2970.55
1588009032, 422, 11, 17, 0, 0, 0.54%, 0, 0, 2, 2928.23
1588009037, 429, 10, 17, 0, 0, 0.54%, 0, 0, 2, 2877.88
1588009042, 435, 11, 17, 0, 0, 0.54%, 0, 0, 2, 2881.72
1588009047, 441, 7, 17, 0, 0, 0.54%, 0, 0, 2, 2846.62
1588009053, 447, 9, 17, 0, 0, 0.54%, 0, 0, 2, 2863.15
1588009058, 453, 11, 17, 0, 0, 0.54%, 0, 0, 2, 2856.78
1588009063, 459, 7, 17, 0, 0, 0.54%, 0, 0, 2, 2896.66
1588009068, 466, 7, 17, 0, 0, 0.54%, 0, 0, 2, 2896.95
1588009073, 472, 7, 17, 0, 0, 0.54%, 0, 0, 2, 2924.57
1588009078, 478, 11, 17, 0, 0, 0.54%, 0, 0, 2, 2929.82
1588009084, 485, 11, 17, 0, 0, 0.54%, 0, 0, 2, 2822.85
1588009089, 491, 11, 17, 0, 0, 0.54%, 0, 0, 2, 2942.55
1588009094, 497, 11, 17, 0, 0, 0.54%, 0, 0, 2, 2971.44
1588009099, 504, 11, 17, 0, 0, 0.54%, 0, 0, 2, 2975.26
1588009104, 511, 7, 17, 0, 0, 0.54%, 0, 0, 2, 2974.33
1588009109, 517, 7, 17, 0, 0, 0.54%, 0, 0, 2, 2975.23
1588009114, 523, 6, 17, 0, 0, 0.54%, 0, 0, 2, 2978.57
1588009120, 529, 11, 17, 0, 0, 0.54%, 0, 0, 2, 2977.96
1588009125, 535, 13, 17, 0, 0, 0.54%, 0, 0, 2, 2976.40
1588009130, 541, 7, 17, 0, 0, 0.54%, 0, 0, 2, 2978.69
1588009135, 547, 10, 17, 0, 0, 0.54%, 0, 0, 2, 2979.86
1588009140, 553, 3, 17, 0, 0, 0.54%, 0, 0, 2, 2976.73
1588009145, 560, 7, 17, 0, 0, 0.54%, 0, 0, 2, 2939.92
1588009151, 567, 7, 17, 0, 0, 0.54%, 0, 0, 2, 2885.64
1588009156, 573, 11, 17, 0, 0, 0.54%, 0, 0, 2, 2811.16
1588009161, 580, 6, 17, 0, 0, 0.54%, 0, 0, 2, 2875.81
1588009166, 586, 11, 17, 0, 0, 0.54%, 0, 0, 2, 2880.95
1588009171, 592, 14, 17, 0, 0, 0.54%, 0, 0, 2, 2861.12
1588009176, 599, 7, 17, 0, 0, 0.54%, 0, 0, 2, 2946.78
1588009182, 605, 11, 17, 0, 0, 0.54%, 0, 0, 2, 2856.33
1588009187, 611, 12, 17, 0, 0, 0.54%, 0, 0, 2, 2956.32
1588009192, 617, 11, 17, 0, 0, 0.54%, 0, 0, 2, 2842.29
1588009197, 623, 11, 17, 0, 0, 0.54%, 0, 0, 2, 2829.45
1588009202, 629, 11, 17, 0, 0, 0.54%, 0, 0, 2, 2834.98
1588009207, 636, 7, 17, 0, 0, 0.54%, 0, 0, 2, 2876.88
1588009213, 642, 7, 17, 0, 0, 0.54%, 0, 0, 2, 2858.63
1588009218, 648, 7, 17, 0, 0, 0.54%, 0, 0, 2, 2880.83
1588009223, 653, 11, 17, 0, 0, 0.54%, 0, 0, 2, 2955.34
1588009228, 660, 11, 17, 0, 0, 0.54%, 0, 0, 2, 2866.47
