# unix_time, cycles_done, cur_path, paths_total, pending_total, pending_favs, map_size, unique_crashes, unique_hangs, max_depth, execs_per_sec
1587445421, 0, 0, 1, 1, 1, 0.48%, 0, 0, 1, 1600.00
1587445426, 0, 3, 5, 2, 2, 0.49%, 0, 0, 2, 2790.35
1587445431, 4, 4, 5, 0, 0, 0.49%, 0, 0, 2, 3076.70
1587445436, 9, 2, 5, 0, 0, 0.49%, 0, 0, 2, 3125.04
1587445442, 13, 4, 5, 0, 0, 0.49%, 0, 0, 2, 3043.17
1587445447, 18, 1, 5, 0, 0, 0.49%, 0, 0, 2, 2998.06
1587445452, 22, 3, 5, 0, 0, 0.49%, 0, 0, 2, 2985.36
1587445457, 27, 1, 5, 0, 0, 0.49%, 0, 0, 2, 2971.42
1587445462, 31, 3, 5, 0, 0, 0.49%, 0, 0, 2, 2998.11
1587445467, 36, 1, 5, 0, 0, 0.49%, 0, 0, 2, 3018.16
1587445472, 40, 4, 5, 0, 0, 0.49%, 0, 0, 2, 3035.14
1587445478, 45, 3, 5, 0, 0, 0.49%, 0, 0, 2, 3138.26
1587445483, 50, 1, 5, 0, 0, 0.49%, 0, 0, 2, 3055.84
1587445488, 54, 4, 5, 0, 0, 0.49%, 0, 0, 2, 3060.13
1587445493, 59, 2, 5, 0, 0, 0.49%, 0, 0, 2, 3076.80
1587445498, 63, 4, 5, 0, 0, 0.49%, 0, 0, 2, 3058.72
1587445503, 68, 3, 5, 0, 0, 0.49%, 0, 0, 2, 3037.11
1587445508, 73, 1, 5, 0, 0, 0.49%, 0, 0, 2, 3075.72
1587445514, 77, 4, 5, 0, 0, 0.49%, 0, 0, 2, 3116.42
1587445519, 82, 1, 5, 0, 0, 0.49%, 0, 0, 2, 3006.54
1587445524, 86, 4, 5, 0, 0, 0.49%, 0, 0, 2, 3111.96
1587445529, 91, 3, 5, 0, 0, 0.49%, 0, 0, 2, 3166.27
1587445534, 96, 2, 5, 0, 0, 0.49%, 0, 0, 2, 3178.94
1587445539, 101, 0, 5, 0, 0, 0.49%, 0, 0, 2, 3181.72
1587445544, 105, 4, 5, 0, 0, 0.49%, 0, 0, 2, 3183.53
1587445549, 110, 3, 5, 0, 0, 0.49%, 0, 0, 2, 3177.28
1587445555, 115, 2, 5, 0, 0, 0.49%, 0, 0, 2, 3182.86
1587445560, 120, 0, 5, 0, 0, 0.49%, 0, 0, 2, 3174.54
1587445565, 124, 4, 5, 0, 0, 0.49%, 0, 0, 2, 3168.54
1587445570, 129, 3, 5, 0, 0, 0.49%, 0, 0, 2, 3119.00
1587445575, 134, 0, 5, 0, 0, 0.49%, 0, 0, 2, 3076.67
1587445580, 138, 4, 5, 0, 0, 0.49%, 0, 0, 2, 3079.06
1587445585, 143, 2, 5, 0, 0, 0.49%, 0, 0, 2, 3060.49
1587445591, 148, 0, 5, 0, 0, 0.49%, 0, 0, 2, 3066.68
1587445596, 152, 3, 5, 0, 0, 0.49%, 0, 0, 2, 3114.08
1587445601, 157, 0, 5, 0, 0, 0.49%, 0, 0, 2, 3049.84
1587445606, 161, 3, 5, 0, 0, 0.49%, 0, 0, 2, 3100.95
1587445611, 166, 2, 5, 0, 0, 0.49%, 0, 0, 2, 3165.90
1587445616, 171, 0, 5, 0, 0, 0.49%, 0, 0, 2, 3096.61
1587445621, 175, 3, 5, 0, 0, 0.49%, 0, 0, 2, 3069.63
1587445626, 179, 4, 5, 0, 0, 0.49%, 0, 0, 2, 2920.98
1587445632, 184, 1, 5, 0, 0, 0.49%, 0, 0, 2, 2913.97
1587445637, 188, 3, 5, 0, 0, 0.49%, 0, 0, 2, 2937.01
1587445642, 193, 1, 5, 0, 0, 0.49%, 0, 0, 2, 3062.82
1587445647, 197, 3, 5, 0, 0, 0.49%, 0, 0, 2, 2952.54
1587445652, 202, 0, 5, 0, 0, 0.49%, 0, 0, 2, 2932.28
1587445657, 206, 2, 5, 0, 0, 0.49%, 0, 0, 2, 3003.78
1587445662, 210, 4, 5, 0, 0, 0.49%, 0, 0, 2, 2968.81
1587445668, 215, 2, 5, 0, 0, 0.49%, 0, 0, 2, 2902.32
1587445673, 219, 3, 5, 0, 0, 0.49%, 0, 0, 2, 2936.06
1587445678, 224, 0, 5, 0, 0, 0.49%, 0, 0, 2, 2879.63
1587445683, 228, 2, 5, 0, 0, 0.49%, 0, 0, 2, 2981.32
1587445688, 232, 4, 5, 0, 0, 0.49%, 0, 0, 2, 2961.03
1587445693, 237, 0, 5, 0, 0, 0.49%, 0, 0, 2, 2904.47
1587445699, 241, 3, 5, 0, 0, 0.49%, 0, 0, 2, 3000.06
1587445704, 246, 1, 5, 0, 0, 0.49%, 0, 0, 2, 3004.77
1587445709, 250, 3, 5, 0, 0, 0.49%, 0, 0, 2, 3013.94
1587445714, 255, 1, 5, 0, 0, 0.49%, 0, 0, 2, 3076.84
1587445719, 259, 4, 5, 0, 0, 0.49%, 0, 0, 2, 3064.30
1587445724, 264, 1, 5, 0, 0, 0.49%, 0, 0, 2, 3031.50
1587445729, 268, 4, 5, 0, 0, 0.49%, 0, 0, 2, 3001.11
1587445735, 273, 2, 5, 0, 0, 0.49%, 0, 0, 2, 3062.33
1587445740, 278, 0, 5, 0, 0, 0.49%, 0, 0, 2, 3025.16
1587445745, 282, 3, 5, 0, 0, 0.49%, 0, 0, 2, 3081.14
1587445750, 287, 2, 5, 0, 0, 0.49%, 0, 0, 2, 3144.87
1587445755, 291, 4, 5, 0, 0, 0.49%, 0, 0, 2, 3073.96
1587445760, 296, 3, 5, 0, 0, 0.49%, 0, 0, 2, 3093.53
1587445765, 301, 2, 5, 0, 0, 0.49%, 0, 0, 2, 3116.51
1587445771, 306, 0, 5, 0, 0, 0.49%, 0, 0, 2, 3161.02
1587445776, 310, 4, 5, 0, 0, 0.49%, 0, 0, 2, 3169.45
1587445781, 315, 2, 5, 0, 0, 0.49%, 0, 0, 2, 3122.28
1587445786, 320, 1, 5, 0, 0, 0.49%, 0, 0, 2, 3137.27
1587445791, 324, 4, 5, 0, 0, 0.49%, 0, 0, 2, 3152.48
1587445796, 329, 3, 5, 0, 0, 0.49%, 0, 0, 2, 3174.21
1587445801, 334, 1, 5, 0, 0, 0.49%, 0, 0, 2, 3177.81
1587445807, 339, 0, 5, 0, 0, 0.49%, 0, 0, 2, 3149.34
1587445812, 343, 3, 5, 0, 0, 0.49%, 0, 0, 2, 3064.74
1587445817, 348, 2, 5, 0, 0, 0.49%, 0, 0, 2, 3153.40
1587445822, 353, 0, 5, 0, 0, 0.49%, 0, 0, 2, 3028.55
1587445827, 357, 3, 5, 0, 0, 0.49%, 0, 0, 2, 3067.75
1587445832, 362, 2, 5, 0, 0, 0.49%, 0, 0, 2, 3122.64
1587445838, 367, 0, 5, 0, 0, 0.49%, 0, 0, 2, 3091.16
1587445843, 371, 3, 5, 0, 0, 0.49%, 0, 0, 2, 3101.79
1587445848, 376, 2, 5, 0, 0, 0.49%, 0, 0, 2, 3077.86
1587445853, 380, 4, 5, 0, 0, 0.49%, 0, 0, 2, 3087.13
1587445858, 385, 3, 5, 0, 0, 0.49%, 0, 0, 2, 3108.00
1587445863, 390, 1, 5, 0, 0, 0.49%, 0, 0, 2, 3090.93
1587445868, 394, 4, 5, 0, 0, 0.49%, 0, 0, 2, 3065.32
1587445873, 399, 1, 5, 0, 0, 0.49%, 0, 0, 2, 3026.59
1587445879, 403, 4, 5, 0, 0, 0.49%, 0, 0, 2, 3034.75
1587445884, 408, 2, 5, 0, 0, 0.49%, 0, 0, 2, 3062.79
1587445889, 413, 1, 5, 0, 0, 0.49%, 0, 0, 2, 3096.62
1587445894, 417, 3, 5, 0, 0, 0.49%, 0, 0, 2, 3102.52
1587445899, 422, 1, 5, 0, 0, 0.49%, 0, 0, 2, 3068.16
1587445904, 426, 4, 5, 0, 0, 0.49%, 0, 0, 2, 3065.23
1587445910, 431, 2, 5, 0, 0, 0.49%, 0, 0, 2, 3056.76
1587445915, 436, 0, 5, 0, 0, 0.49%, 0, 0, 2, 3043.37
1587445920, 440, 2, 5, 0, 0, 0.49%, 0, 0, 2, 2950.65
1587445925, 444, 3, 5, 0, 0, 0.49%, 0, 0, 2, 2981.29
1587445930, 449, 1, 5, 0, 0, 0.49%, 0, 0, 2, 3038.40
1587445935, 453, 4, 5, 0, 0, 0.49%, 0, 0, 2, 3074.69
1587445940, 458, 3, 5, 0, 0, 0.49%, 0, 0, 2, 3056.49
1587445946, 463, 1, 5, 0, 0, 0.49%, 0, 0, 2, 3050.25
1587445951, 467, 4, 5, 0, 0, 0.49%, 0, 0, 2, 3101.35
1587445956, 472, 2, 5, 0, 0, 0.49%, 0, 0, 2, 3059.56
1587445961, 477, 0, 5, 0, 0, 0.49%, 0, 0, 2, 3090.18
1587445966, 481, 4, 5, 0, 0, 0.49%, 0, 0, 2, 3095.37
1587445971, 486, 1, 5, 0, 0, 0.49%, 0, 0, 2, 3030.13
1587445977, 490, 3, 5, 0, 0, 0.49%, 0, 0, 2, 2918.97
1587445982, 494, 4, 5, 0, 0, 0.49%, 0, 0, 2, 2930.36
1587445987, 499, 1, 5, 0, 0, 0.49%, 0, 0, 2, 2885.25
1587445992, 503, 3, 5, 0, 0, 0.49%, 0, 0, 2, 2995.76
1587445997, 508, 0, 5, 0, 0, 0.49%, 0, 0, 2, 2905.66
1587446002, 512, 2, 5, 0, 0, 0.49%, 0, 0, 2, 3024.94
1587446007, 517, 0, 5, 0, 0, 0.49%, 0, 0, 2, 3113.51
1587446012, 521, 4, 5, 0, 0, 0.49%, 0, 0, 2, 3093.44
1587446018, 526, 1, 5, 0, 0, 0.49%, 0, 0, 2, 3077.48
1587446023, 529, 5, 6, 1, 1, 0.49%, 0, 0, 3, 3009.58
1587446094, 531, 1, 6, 0, 0, 0.49%, 0, 0, 3, 3080.85
1587446099, 533, 5, 6, 0, 0, 0.49%, 0, 0, 3, 3117.24
1587446104, 536, 1, 6, 0, 0, 0.49%, 0, 0, 3, 3111.83
1587446110, 538, 5, 6, 0, 0, 0.49%, 0, 0, 3, 3123.31
1587446115, 541, 1, 6, 0, 0, 0.49%, 0, 0, 3, 3106.36
1587446120, 543, 5, 6, 0, 0, 0.49%, 0, 0, 3, 3054.07
1587446125, 546, 1, 6, 0, 0, 0.49%, 0, 0, 3, 3114.95
1587446130, 548, 5, 6, 0, 0, 0.49%, 0, 0, 3, 3038.53
1587446136, 551, 0, 6, 0, 0, 0.49%, 0, 0, 3, 3023.78
1587446141, 553, 4, 6, 0, 0, 0.49%, 0, 0, 3, 3024.31
1587446146, 555, 5, 6, 0, 0, 0.49%, 0, 0, 3, 3085.98
1587446151, 558, 3, 6, 0, 0, 0.49%, 0, 0, 3, 3026.04
1587446156, 560, 5, 6, 0, 0, 0.49%, 0, 0, 3, 2993.83
1587446161, 563, 0, 6, 0, 0, 0.49%, 0, 0, 3, 3024.51
1587446166, 565, 4, 6, 0, 0, 0.49%, 0, 0, 3, 3067.50
1587446172, 567, 5, 6, 0, 0, 0.49%, 0, 0, 3, 3036.04
1587446177, 570, 3, 6, 0, 0, 0.49%, 0, 0, 3, 2984.33
1587446182, 572, 5, 6, 0, 0, 0.49%, 0, 0, 3, 3035.60
1587446187, 575, 2, 6, 0, 0, 0.49%, 0, 0, 3, 3086.82
1587446192, 577, 5, 6, 0, 0, 0.49%, 0, 0, 3, 3115.20
1587446197, 580, 2, 6, 0, 0, 0.49%, 0, 0, 3, 3128.02
1587446203, 582, 5, 6, 0, 0, 0.49%, 0, 0, 3, 3009.27
1587446208, 585, 1, 6, 0, 0, 0.49%, 0, 0, 3, 3116.90
1587446213, 587, 5, 6, 0, 0, 0.49%, 0, 0, 3, 3132.93
1587446218, 590, 1, 6, 0, 0, 0.49%, 0, 0, 3, 3146.09
1587446223, 592, 5, 6, 0, 0, 0.49%, 0, 0, 3, 3004.77
1587446228, 594, 5, 6, 0, 0, 0.49%, 0, 0, 3, 2934.94
1587446234, 597, 2, 6, 0, 0, 0.49%, 0, 0, 3, 2919.24
1587446239, 599, 5, 6, 0, 0, 0.49%, 0, 0, 3, 3079.43
1587446244, 602, 2, 6, 0, 0, 0.49%, 0, 0, 3, 3141.27
1587446249, 604, 5, 6, 0, 0, 0.49%, 0, 0, 3, 3143.32
1587446254, 607, 2, 6, 0, 0, 0.49%, 0, 0, 3, 3141.67
1587446259, 609, 5, 6, 0, 0, 0.49%, 0, 0, 3, 3148.62
1587446264, 612, 2, 6, 0, 0, 0.49%, 0, 0, 3, 3094.25
1587446269, 614, 5, 6, 0, 0, 0.49%, 0, 0, 3, 3137.68
1587446275, 617, 2, 6, 0, 0, 0.49%, 0, 0, 3, 3162.23
1587446280, 619, 5, 6, 0, 0, 0.49%, 0, 0, 3, 2908.13
1587446285, 621, 5, 6, 0, 0, 0.49%, 0, 0, 3, 2996.23
1587446290, 624, 4, 6, 0, 0, 0.49%, 0, 0, 3, 3093.28
1587446295, 626, 5, 6, 0, 0, 0.49%, 0, 0, 3, 3022.28
1587446300, 629, 1, 6, 0, 0, 0.49%, 0, 0, 3, 2983.46
1587446305, 631, 5, 6, 0, 0, 0.49%, 0, 0, 3, 3020.96
1587446311, 634, 0, 6, 0, 0, 0.49%, 0, 0, 3, 3070.34
1587446316, 636, 5, 6, 0, 0, 0.49%, 0, 0, 3, 3114.33
1587446321, 639, 0, 6, 0, 0, 0.49%, 0, 0, 3, 3057.21
1587446326, 641, 4, 6, 0, 0, 0.49%, 0, 0, 3, 3024.52
1587446331, 643, 5, 6, 0, 0, 0.49%, 0, 0, 3, 2949.02
1587446336, 646, 2, 6, 0, 0, 0.49%, 0, 0, 3, 2970.99
1587446342, 648, 5, 6, 0, 0, 0.49%, 0, 0, 3, 2992.41
1587446347, 651, 1, 6, 0, 0, 0.49%, 0, 0, 3, 3022.42
1587446352, 653, 4, 6, 0, 0, 0.49%, 0, 0, 3, 3094.67
1587446357, 656, 0, 6, 0, 0, 0.49%, 0, 0, 3, 3122.56
1587446362, 658, 4, 6, 0, 0, 0.49%, 0, 0, 3, 3009.88
1587446367, 660, 5, 6, 0, 0, 0.49%, 0, 0, 3, 3000.53
1587446372, 664, 1, 6, 0, 0, 0.49%, 0, 0, 3, 3065.44
1587446377, 668, 0, 6, 0, 0, 0.49%, 0, 0, 3, 3123.19
1587446383, 671, 4, 6, 0, 0, 0.49%, 0, 0, 3, 3008.17
1587446388, 675, 3, 6, 0, 0, 0.49%, 0, 0, 3, 3011.91
1587446393, 679, 0, 6, 0, 0, 0.49%, 0, 0, 3, 3005.65
1587446398, 682, 5, 6, 0, 0, 0.49%, 0, 0, 3, 3003.26
1587446403, 686, 3, 6, 0, 0, 0.49%, 0, 0, 3, 2994.46
1587446408, 690, 0, 6, 0, 0, 0.49%, 0, 0, 3, 2960.37
1587446413, 693, 4, 6, 0, 0, 0.49%, 0, 0, 3, 2940.49
1587446419, 697, 3, 6, 0, 0, 0.49%, 0, 0, 3, 3094.21
1587446424, 701, 1, 6, 0, 0, 0.49%, 0, 0, 3, 3107.67
1587446429, 705, 0, 6, 0, 0, 0.49%, 0, 0, 3, 3072.69
1587446434, 708, 4, 6, 0, 0, 0.49%, 0, 0, 3, 3052.68
1587446439, 712, 3, 6, 0, 0, 0.49%, 0, 0, 3, 3083.42
1587446444, 716, 2, 6, 0, 0, 0.49%, 0, 0, 3, 3139.06
1587446450, 720, 1, 6, 0, 0, 0.49%, 0, 0, 3, 3118.71
1587446455, 723, 4, 6, 0, 0, 0.49%, 0, 0, 3, 3023.75
1587446460, 727, 2, 6, 0, 0, 0.49%, 0, 0, 3, 2963.06
1587446465, 731, 1, 6, 0, 0, 0.49%, 0, 0, 3, 3099.79
1587446470, 734, 5, 6, 0, 0, 0.49%, 0, 0, 3, 3108.62
1587446475, 738, 4, 6, 0, 0, 0.49%, 0, 0, 3, 3132.99
1587446480, 742, 2, 6, 0, 0, 0.49%, 0, 0, 3, 3037.48
1587446486, 746, 0, 6, 0, 0, 0.49%, 0, 0, 3, 2904.78
1587446491, 749, 3, 6, 0, 0, 0.49%, 0, 0, 3, 2964.06
1587446496, 753, 2, 6, 0, 0, 0.49%, 0, 0, 3, 3026.39
1587446501, 756, 5, 6, 0, 0, 0.49%, 0, 0, 3, 2907.60
1587446506, 760, 2, 6, 0, 0, 0.49%, 0, 0, 3, 2908.58
1587446511, 764, 0, 6, 0, 0, 0.49%, 0, 0, 3, 2969.25
1587446516, 767, 5, 6, 0, 0, 0.49%, 0, 0, 3, 3057.91
1587446522, 771, 3, 6, 0, 0, 0.49%, 0, 0, 3, 3025.90
1587446527, 775, 0, 6, 0, 0, 0.49%, 0, 0, 3, 2996.80
1587446532, 778, 4, 6, 0, 0, 0.49%, 0, 0, 3, 3023.49
1587446537, 782, 2, 6, 0, 0, 0.49%, 0, 0, 3, 3031.89
1587446542, 786, 1, 6, 0, 0, 0.49%, 0, 0, 3, 3083.22
1587446547, 789, 5, 6, 0, 0, 0.49%, 0, 0, 3, 3043.31
1587446553, 793, 4, 6, 0, 0, 0.49%, 0, 0, 3, 3088.75
1587446558, 797, 3, 6, 0, 0, 0.49%, 0, 0, 3, 3128.15
1587446563, 801, 1, 6, 0, 0, 0.49%, 0, 0, 3, 3064.33
1587446568, 804, 5, 6, 0, 0, 0.49%, 0, 0, 3, 3098.29
1587446573, 808, 4, 6, 0, 0, 0.49%, 0, 0, 3, 3118.47
1587446578, 812, 2, 6, 0, 0, 0.49%, 0, 0, 3, 3039.37
1587446583, 816, 1, 6, 0, 0, 0.49%, 0, 0, 3, 3052.63
1587446588, 819, 3, 6, 0, 0, 0.49%, 0, 0, 3, 2932.16
1587446594, 823, 1, 6, 0, 0, 0.49%, 0, 0, 3, 2956.02
1587446599, 826, 5, 6, 0, 0, 0.49%, 0, 0, 3, 2998.83
1587446604, 830, 4, 6, 0, 0, 0.49%, 0, 0, 3, 3083.09
1587446609, 834, 2, 6, 0, 0, 0.49%, 0, 0, 3, 2980.63
1587446614, 838, 0, 6, 0, 0, 0.49%, 0, 0, 3, 3027.11
1587446619, 841, 4, 6, 0, 0, 0.49%, 0, 0, 3, 3010.37
1587446625, 845, 2, 6, 0, 0, 0.49%, 0, 0, 3, 3028.99
1587446630, 849, 0, 6, 0, 0, 0.49%, 0, 0, 3, 3005.88
1587446635, 852, 4, 6, 0, 0, 0.49%, 0, 0, 3, 3047.47
1587446640, 856, 3, 6, 0, 0, 0.49%, 0, 0, 3, 3044.83
1587446645, 860, 1, 6, 0, 0, 0.49%, 0, 0, 3, 3043.01
1587446650, 864, 0, 6, 0, 0, 0.49%, 0, 0, 3, 3057.46
1587446656, 867, 5, 6, 0, 0, 0.49%, 0, 0, 3, 3095.98
1587446661, 871, 2, 6, 0, 0, 0.49%, 0, 0, 3, 2988.75
1587446666, 875, 0, 6, 0, 0, 0.49%, 0, 0, 3, 3009.63
1587446671, 878, 5, 6, 0, 0, 0.49%, 0, 0, 3, 3060.49
1587446676, 882, 3, 6, 0, 0, 0.49%, 0, 0, 3, 3030.33
1587446681, 886, 1, 6, 0, 0, 0.49%, 0, 0, 3, 3038.30
1587446686, 889, 5, 6, 0, 0, 0.49%, 0, 0, 3, 3001.65
1587446692, 893, 3, 6, 0, 0, 0.49%, 0, 0, 3, 3053.88
1587446697, 897, 1, 6, 0, 0, 0.49%, 0, 0, 3, 2942.26
1587446702, 900, 5, 6, 0, 0, 0.49%, 0, 0, 3, 2985.14
1587446707, 904, 3, 6, 0, 0, 0.49%, 0, 0, 3, 3041.19
1587446712, 908, 1, 6, 0, 0, 0.49%, 0, 0, 3, 2994.94
1587446717, 911, 5, 6, 0, 0, 0.49%, 0, 0, 3, 3027.55
1587446722, 915, 4, 6, 0, 0, 0.49%, 0, 0, 3, 3079.11
1587446728, 919, 2, 6, 0, 0, 0.49%, 0, 0, 3, 3069.45
1587446733, 923, 0, 6, 0, 0, 0.49%, 0, 0, 3, 3064.81
1587446738, 926, 5, 6, 0, 0, 0.49%, 0, 0, 3, 3038.40
1587446743, 930, 3, 6, 0, 0, 0.49%, 0, 0, 3, 3048.97
1587446748, 934, 2, 6, 0, 0, 0.49%, 0, 0, 3, 3037.78
1587446753, 937, 5, 6, 0, 0, 0.49%, 0, 0, 3, 2951.43
1587446758, 941, 2, 6, 0, 0, 0.49%, 0, 0, 3, 2852.19
1587446764, 944, 4, 6, 0, 0, 0.49%, 0, 0, 3, 2749.77
1587446769, 948, 0, 6, 0, 0, 0.49%, 0, 0, 3, 2740.91
1587446774, 951, 3, 6, 0, 0, 0.49%, 0, 0, 3, 2808.97
1587446779, 954, 5, 6, 0, 0, 0.49%, 0, 0, 3, 2832.92
1587446784, 958, 1, 6, 0, 0, 0.49%, 0, 0, 3, 2745.81
