# unix_time, cycles_done, cur_path, paths_total, pending_total, pending_favs, map_size, unique_crashes, unique_hangs, max_depth, execs_per_sec
1588001109, 0, 0, 1, 1, 1, 0.54%, 0, 0, 1, 1333.33
1588001114, 0, 0, 17, 17, 1, 0.54%, 0, 0, 2, 2538.81
1588001124, 1, 14, 17, 11, 0, 0.54%, 0, 0, 2, 2873.17
1588001129, 2, 16, 17, 8, 0, 0.54%, 0, 0, 2, 2885.14
1588001134, 5, 2, 17, 5, 0, 0.54%, 0, 0, 2, 2938.48
1588001139, 9, 4, 17, 2, 0, 0.54%, 0, 0, 2, 2900.36
1588001145, 13, 3, 17, 0, 0, 0.54%, 0, 0, 2, 2912.96
1588001150, 19, 6, 17, 0, 0, 0.54%, 0, 0, 2, 2871.00
1588001155, 25, 7, 17, 0, 0, 0.54%, 0, 0, 2, 2863.38
1588001160, 32, 3, 17, 0, 0, 0.54%, 0, 0, 2, 2878.53
1588001165, 38, 5, 17, 0, 0, 0.54%, 0, 0, 2, 2877.52
1588001170, 44, 7, 17, 0, 0, 0.54%, 0, 0, 2, 2924.94
1588001176, 50, 7, 17, 0, 0, 0.54%, 0, 0, 2, 2908.26
1588001181, 56, 0, 17, 0, 0, 0.54%, 0, 0, 2, 2945.23
1588001186, 62, 7, 17, 0, 0, 0.54%, 0, 0, 2, 2954.27
1588001191, 68, 7, 17, 0, 0, 0.54%, 0, 0, 2, 2891.93
1588001196, 74, 7, 17, 0, 0, 0.54%, 0, 0, 2, 2917.35
1588001201, 80, 7, 17, 0, 0, 0.54%, 0, 0, 2, 2892.99
1588001207, 86, 7, 17, 0, 0, 0.54%, 0, 0, 2, 2851.96
1588001212, 92, 5, 17, 0, 0, 0.54%, 0, 0, 2, 2864.21
1588001217, 98, 7, 17, 0, 0, 0.54%, 0, 0, 2, 2906.93
1588001222, 103, 11, 17, 0, 0, 0.54%, 0, 0, 2, 2930.45
1588001227, 108, 13, 17, 0, 0, 0.54%, 0, 0, 2, 2844.45
1588001233, 114, 7, 17, 0, 0, 0.54%, 0, 0, 2, 2755.15
1588001238, 121, 7, 17, 0, 0, 0.54%, 0, 0, 2, 2857.07
1588001243, 127, 5, 17, 0, 0, 0.54%, 0, 0, 2, 2793.21
1588001248, 134, 5, 17, 0, 0, 0.54%, 0, 0, 2, 2767.71
1588001253, 139, 11, 17, 0, 0, 0.54%, 0, 0, 2, 2874.93
1588001258, 146, 11, 17, 0, 0, 0.54%, 0, 0, 2, 2872.39
1588001263, 152, 11, 17, 0, 0, 0.54%, 0, 0, 2, 2858.94
1588001269, 159, 7, 17, 0, 0, 0.54%, 0, 0, 2, 2845.81
1588001274, 165, 11, 17, 0, 0, 0.54%, 0, 0, 2, 2847.33
1588001279, 171, 12, 17, 0, 0, 0.54%, 0, 0, 2, 2909.04
1588001284, 177, 11, 17, 0, 0, 0.54%, 0, 0, 2, 2744.37
1588001289, 183, 11, 17, 0, 0, 0.54%, 0, 0, 2, 2908.91
1588001294, 189, 11, 17, 0, 0, 0.54%, 0, 0, 2, 2879.21
1588001300, 195, 7, 17, 0, 0, 0.54%, 0, 0, 2, 2820.84
1588001305, 201, 5, 17, 0, 0, 0.54%, 0, 0, 2, 2735.30
1588001310, 206, 14, 17, 0, 0, 0.54%, 0, 0, 2, 2676.54
1588001315, 213, 5, 17, 0, 0, 0.54%, 0, 0, 2, 2630.63
1588001320, 217, 12, 17, 0, 0, 0.54%, 0, 0, 2, 2620.30
1588001325, 223, 7, 17, 0, 0, 0.54%, 0, 0, 2, 2754.42
1588001331, 229, 11, 17, 0, 0, 0.54%, 0, 0, 2, 2918.24
1588001336, 235, 7, 17, 0, 0, 0.54%, 0, 0, 2, 2956.49
1588001341, 241, 7, 17, 0, 0, 0.54%, 0, 0, 2, 2912.93
1588001346, 248, 7, 17, 0, 0, 0.54%, 0, 0, 2, 2737.86
1588001351, 254, 11, 17, 0, 0, 0.54%, 0, 0, 2, 2776.82
1588001356, 260, 7, 17, 0, 0, 0.54%, 0, 0, 2, 2755.53
1588001362, 266, 5, 17, 0, 0, 0.54%, 0, 0, 2, 2912.33
1588001367, 271, 11, 17, 0, 0, 0.54%, 0, 0, 2, 2890.68
1588001372, 277, 11, 17, 0, 0, 0.54%, 0, 0, 2, 2889.24
1588001377, 282, 5, 17, 0, 0, 0.54%, 0, 0, 2, 2889.57
1588001382, 287, 9, 17, 0, 0, 0.54%, 0, 0, 2, 2789.99
1588001387, 293, 8, 17, 0, 0, 0.54%, 0, 0, 2, 2839.75
1588001392, 300, 11, 17, 0, 0, 0.54%, 0, 0, 2, 2903.88
1588001398, 307, 1, 17, 0, 0, 0.54%, 0, 0, 2, 2852.59
1588001403, 312, 7, 17, 0, 0, 0.54%, 0, 0, 2, 2878.73
1588001408, 319, 5, 17, 0, 0, 0.54%, 0, 0, 2, 2812.42
1588001413, 324, 11, 17, 0, 0, 0.54%, 0, 0, 2, 2719.60
1588001418, 331, 5, 17, 0, 0, 0.54%, 0, 0, 2, 2731.55
1588001423, 337, 0, 17, 0, 0, 0.54%, 0, 0, 2, 2734.53
1588001429, 342, 11, 17, 0, 0, 0.54%, 0, 0, 2, 2808.70
1588001434, 348, 11, 17, 0, 0, 0.54%, 0, 0, 2, 2702.96
1588001439, 354, 2, 17, 0, 0, 0.54%, 0, 0, 2, 2732.17
1588001444, 359, 14, 17, 0, 0, 0.54%, 0, 0, 2, 2871.62
1588001449, 366, 5, 17, 0, 0, 0.54%, 0, 0, 2, 2926.63
1588001454, 373, 5, 17, 0, 0, 0.54%, 0, 0, 2, 2948.22
1588001460, 379, 6, 17, 0, 0, 0.54%, 0, 0, 2, 2946.74
1588001465, 385, 15, 17, 0, 0, 0.54%, 0, 0, 2, 2951.51
1588001470, 391, 5, 17, 0, 0, 0.54%, 0, 0, 2, 2798.01
1588001475, 397, 7, 17, 0, 0, 0.54%, 0, 0, 2, 2736.68
1588001480, 401, 11, 17, 0, 0, 0.54%, 0, 0, 2, 2717.29
1588001486, 407, 11, 17, 0, 0, 0.54%, 0, 0, 2, 2841.80
1588001491, 414, 4, 17, 0, 0, 0.54%, 0, 0, 2, 2839.37
1588001496, 420, 5, 17, 0, 0, 0.54%, 0, 0, 2, 2789.86
1588001501, 426, 11, 17, 0, 0, 0.54%, 0, 0, 2, 2896.28
1588001506, 433, 5, 17, 0, 0, 0.54%, 0, 0, 2, 2875.24
1588001511, 440, 5, 17, 0, 0, 0.54%, 0, 0, 2, 2902.94
1588001517, 447, 7, 17, 0, 0, 0.54%, 0, 0, 2, 2848.88
1588001522, 453, 11, 17, 0, 0, 0.54%, 0, 0, 2, 2874.57
1588001527, 460, 7, 17, 0, 0, 0.54%, 0, 0, 2, 2915.22
1588001532, 466, 5, 17, 0, 0, 0.54%, 0, 0, 2, 2866.96
1588001537, 472, 5, 17, 0, 0, 0.54%, 0, 0, 2, 2831.97
1588001542, 477, 6, 17, 0, 0, 0.54%, 0, 0, 2, 2854.34
1588001548, 483, 5, 17, 0, 0, 0.54%, 0, 0, 2, 2852.58
1588001553, 489, 5, 17, 0, 0, 0.54%, 0, 0, 2, 2819.32
1588001558, 494, 11, 17, 0, 0, 0.54%, 0, 0, 2, 2818.31
1588001563, 500, 7, 17, 0, 0, 0.54%, 0, 0, 2, 2831.63
1588001568, 507, 7, 17, 0, 0, 0.54%, 0, 0, 2, 2676.56
1588001573, 513, 7, 17, 0, 0, 0.54%, 0, 0, 2, 2760.05
1588001578, 519, 11, 17, 0, 0, 0.54%, 0, 0, 2, 2897.47
1588001584, 525, 8, 17, 0, 0, 0.54%, 0, 0, 2, 2858.16
1588001589, 531, 7, 17, 0, 0, 0.54%, 0, 0, 2, 2868.30
1588001594, 537, 11, 17, 0, 0, 0.54%, 0, 0, 2, 2864.64
1588001599, 544, 1, 17, 0, 0, 0.54%, 0, 0, 2, 2790.09
1588001604, 549, 11, 17, 0, 0, 0.54%, 0, 0, 2, 2847.60
1588001609, 554, 11, 17, 0, 0, 0.54%, 0, 0, 2, 2813.78
1588001614, 561, 5, 17, 0, 0, 0.54%, 0, 0, 2, 2757.86
1588001620, 566, 11, 17, 0, 0, 0.54%, 0, 0, 2, 2744.85
1588001625, 573, 5, 17, 0, 0, 0.54%, 0, 0, 2, 2713.59
1588001630, 579, 5, 17, 0, 0, 0.54%, 0, 0, 2, 2781.80
1588001635, 584, 11, 17, 0, 0, 0.54%, 0, 0, 2, 2880.08
1588001640, 590, 11, 17, 0, 0, 0.54%, 0, 0, 2, 2940.25
1588001646, 596, 5, 17, 0, 0, 0.54%, 0, 0, 2, 2789.96
1588001651, 602, 5, 17, 0, 0, 0.54%, 0, 0, 2, 2821.87
1588001656, 608, 8, 17, 0, 0, 0.54%, 0, 0, 2, 2898.37
1588001661, 614, 8, 17, 0, 0, 0.54%, 0, 0, 2, 2812.33
1588001666, 620, 7, 17, 0, 0, 0.54%, 0, 0, 2, 2707.17
1588001671, 626, 7, 17, 0, 0, 0.54%, 0, 0, 2, 2860.04
1588001676, 632, 7, 17, 0, 0, 0.54%, 0, 0, 2, 2848.20
1588001682, 637, 0, 17, 0, 0, 0.54%, 0, 0, 2, 2803.10
1588001687, 642, 15, 17, 0, 0, 0.54%, 0, 0, 2, 2695.98
1588001692, 648, 8, 17, 0, 0, 0.54%, 0, 0, 2, 2870.16
1588001697, 655, 7, 17, 0, 0, 0.54%, 0, 0, 2, 2841.44
1588001702, 661, 11, 17, 0, 0, 0.54%, 0, 0, 2, 2861.87
1588001707, 667, 11, 17, 0, 0, 0.54%, 0, 0, 2, 2849.97
1588001712, 670, 17, 18, 1, 1, 0.54%, 0, 0, 3, 2798.19
1588001788, 672, 11, 18, 0, 0, 0.54%, 0, 0, 3, 2713.10
1588001793, 674, 17, 18, 0, 0, 0.54%, 0, 0, 3, 2711.53
1588001798, 677, 7, 18, 0, 0, 0.54%, 0, 0, 3, 2719.58
1588001804, 679, 17, 18, 0, 0, 0.54%, 0, 0, 3, 2632.15
1588001809, 682, 11, 18, 0, 0, 0.54%, 0, 0, 3, 2737.69
1588001814, 684, 17, 18, 0, 0, 0.54%, 0, 0, 3, 2778.57
1588001819, 687, 17, 18, 0, 0, 0.54%, 0, 0, 3, 2748.35
1588001824, 690, 17, 18, 0, 0, 0.54%, 0, 0, 3, 2721.81
1588001829, 693, 5, 18, 0, 0, 0.54%, 0, 0, 3, 2709.55
1588001834, 695, 17, 18, 0, 0, 0.54%, 0, 0, 3, 2828.21
1588001839, 698, 17, 18, 0, 0, 0.54%, 0, 0, 3, 2804.46
1588001845, 701, 17, 18, 0, 0, 0.54%, 0, 0, 3, 2813.61
1588001850, 704, 11, 18, 0, 0, 0.54%, 0, 0, 3, 2811.31
1588001855, 706, 17, 18, 0, 0, 0.54%, 0, 0, 3, 2890.43
1588001860, 709, 17, 18, 0, 0, 0.54%, 0, 0, 3, 2915.01
1588001865, 712, 11, 18, 0, 0, 0.54%, 0, 0, 3, 2912.77
1588001870, 714, 17, 18, 0, 0, 0.54%, 0, 0, 3, 2887.89
1588001875, 717, 11, 18, 0, 0, 0.54%, 0, 0, 3, 2855.83
1588001880, 719, 17, 18, 0, 0, 0.54%, 0, 0, 3, 2831.13
1588001885, 722, 17, 18, 0, 0, 0.54%, 0, 0, 3, 2851.88
1588001890, 725, 17, 18, 0, 0, 0.54%, 0, 0, 3, 2850.06
1588001895, 728, 7, 18, 0, 0, 0.54%, 0, 0, 3, 2714.14
1588001901, 730, 17, 18, 0, 0, 0.54%, 0, 0, 3, 2827.73
1588001906, 733, 17, 18, 0, 0, 0.54%, 0, 0, 3, 2841.81
1588001911, 736, 7, 18, 0, 0, 0.54%, 0, 0, 3, 2728.61
1588001916, 738, 17, 18, 0, 0, 0.54%, 0, 0, 3, 2728.71
1588001921, 741, 17, 18, 0, 0, 0.54%, 0, 0, 3, 2794.61
1588001926, 744, 12, 18, 0, 0, 0.54%, 0, 0, 3, 2736.56
1588001931, 747, 11, 18, 0, 0, 0.54%, 0, 0, 3, 2882.45
1588001937, 750, 5, 18, 0, 0, 0.54%, 0, 0, 3, 2852.91
1588001942, 752, 17, 18, 0, 0, 0.54%, 0, 0, 3, 2842.07
1588001947, 755, 11, 18, 0, 0, 0.54%, 0, 0, 3, 2770.02
1588001952, 758, 11, 18, 0, 0, 0.54%, 0, 0, 3, 2739.53
1588001957, 761, 5, 18, 0, 0, 0.54%, 0, 0, 3, 2828.78
1588001962, 763, 17, 18, 0, 0, 0.54%, 0, 0, 3, 2715.29
1588001967, 766, 17, 18, 0, 0, 0.54%, 0, 0, 3, 2687.61
1588001973, 768, 17, 18, 0, 0, 0.54%, 0, 0, 3, 2716.95
1588001978, 771, 11, 18, 0, 0, 0.54%, 0, 0, 3, 2839.32
1588001983, 773, 17, 18, 0, 0, 0.54%, 0, 0, 3, 2749.32
1588001988, 776, 7, 18, 0, 0, 0.54%, 0, 0, 3, 2754.17
1588001993, 778, 17, 18, 0, 0, 0.54%, 0, 0, 3, 2731.68
1588001998, 781, 7, 18, 0, 0, 0.54%, 0, 0, 3, 2809.98
1588002003, 783, 17, 18, 0, 0, 0.54%, 0, 0, 3, 2824.78
1588002008, 786, 11, 18, 0, 0, 0.54%, 0, 0, 3, 2850.23
1588002013, 789, 5, 18, 0, 0, 0.54%, 0, 0, 3, 2826.50
1588002018, 791, 17, 18, 0, 0, 0.54%, 0, 0, 3, 2861.36
1588002023, 794, 6, 18, 0, 0, 0.54%, 0, 0, 3, 2854.14
1588002028, 796, 17, 18, 0, 0, 0.54%, 0, 0, 3, 2910.19
1588002034, 799, 17, 18, 0, 0, 0.54%, 0, 0, 3, 2927.47
1588002039, 802, 17, 18, 0, 0, 0.54%, 0, 0, 3, 2931.08
1588002044, 805, 11, 18, 0, 0, 0.54%, 0, 0, 3, 2936.65
1588002049, 808, 5, 18, 0, 0, 0.54%, 0, 0, 3, 2930.70
1588002054, 810, 17, 18, 0, 0, 0.54%, 0, 0, 3, 2926.84
1588002059, 813, 11, 18, 0, 0, 0.54%, 0, 0, 3, 2934.09
1588002064, 816, 7, 18, 0, 0, 0.54%, 0, 0, 3, 2882.26
1588002069, 818, 17, 18, 0, 0, 0.54%, 0, 0, 3, 2726.56
1588002074, 821, 7, 18, 0, 0, 0.54%, 0, 0, 3, 2693.56
1588002079, 824, 4, 18, 0, 0, 0.54%, 0, 0, 3, 2884.49
1588002084, 826, 17, 18, 0, 0, 0.54%, 0, 0, 3, 2920.96
1588002089, 829, 7, 18, 0, 0, 0.54%, 0, 0, 3, 2872.20
1588002094, 831, 17, 18, 0, 0, 0.54%, 0, 0, 3, 2709.40
1588002099, 834, 17, 18, 0, 0, 0.54%, 0, 0, 3, 2860.22
1588002104, 838, 7, 18, 0, 0, 0.54%, 0, 0, 3, 2899.32
1588002110, 842, 17, 18, 0, 0, 0.54%, 0, 0, 3, 2916.04
1588002115, 847, 11, 18, 0, 0, 0.54%, 0, 0, 3, 2911.26
1588002120, 852, 7, 18, 0, 0, 0.54%, 0, 0, 3, 2798.76
1588002125, 857, 0, 18, 0, 0, 0.54%, 0, 0, 3, 2876.98
1588002130, 861, 11, 18, 0, 0, 0.54%, 0, 0, 3, 2862.64
1588002135, 866, 5, 18, 0, 0, 0.54%, 0, 0, 3, 2854.76
1588002141, 870, 17, 18, 0, 0, 0.54%, 0, 0, 3, 2753.60
1588002146, 875, 7, 18, 0, 0, 0.54%, 0, 0, 3, 2770.05
1588002151, 879, 17, 18, 0, 0, 0.54%, 0, 0, 3, 2769.01
1588002156, 884, 5, 18, 0, 0, 0.54%, 0, 0, 3, 2719.58
1588002161, 888, 11, 18, 0, 0, 0.54%, 0, 0, 3, 2834.10
1588002166, 893, 17, 18, 0, 0, 0.54%, 0, 0, 3, 2910.33
1588002172, 897, 11, 18, 0, 0, 0.54%, 0, 0, 3, 2840.49
1588002177, 902, 17, 18, 0, 0, 0.54%, 0, 0, 3, 2868.92
1588002182, 908, 1, 18, 0, 0, 0.54%, 0, 0, 3, 2873.28
1588002187, 912, 0, 18, 0, 0, 0.54%, 0, 0, 3, 2938.52
1588002192, 916, 11, 18, 0, 0, 0.54%, 0, 0, 3, 2863.94
1588002197, 921, 5, 18, 0, 0, 0.54%, 0, 0, 3, 2855.05
1588002203, 926, 5, 18, 0, 0, 0.54%, 0, 0, 3, 2849.56
1588002208, 929, 11, 18, 0, 0, 0.54%, 0, 0, 3, 2748.97
1588002213, 934, 14, 18, 0, 0, 0.54%, 0, 0, 3, 2804.38
1588002218, 939, 17, 18, 0, 0, 0.54%, 0, 0, 3, 2751.03
1588002223, 944, 7, 18, 0, 0, 0.54%, 0, 0, 3, 2764.94
1588002228, 948, 13, 18, 0, 0, 0.54%, 0, 0, 3, 2783.89
1588002233, 953, 7, 18, 0, 0, 0.54%, 0, 0, 3, 2834.20
1588002239, 958, 3, 18, 0, 0, 0.54%, 0, 0, 3, 2915.17
1588002244, 962, 11, 18, 0, 0, 0.54%, 0, 0, 3, 2879.32
1588002249, 967, 3, 18, 0, 0, 0.54%, 0, 0, 3, 2924.87
1588002254, 971, 7, 18, 0, 0, 0.54%, 0, 0, 3, 2900.87
1588002259, 976, 5, 18, 0, 0, 0.54%, 0, 0, 3, 2871.25
1588002264, 981, 1, 18, 0, 0, 0.54%, 0, 0, 3, 2885.33
1588002269, 985, 11, 18, 0, 0, 0.54%, 0, 0, 3, 2913.94
1588002275, 990, 7, 18, 0, 0, 0.54%, 0, 0, 3, 2877.62
1588002280, 995, 7, 18, 0, 0, 0.54%, 0, 0, 3, 2907.22
1588002285, 999, 11, 18, 0, 0, 0.54%, 0, 0, 3, 2926.79
1588002290, 1003, 7, 18, 0, 0, 0.54%, 0, 0, 3, 2945.57
1588002295, 1007, 16, 18, 0, 0, 0.54%, 0, 0, 3, 2927.74
1588002300, 1012, 11, 18, 0, 0, 0.54%, 0, 0, 3, 2865.40
1588002306, 1017, 17, 18, 0, 0, 0.54%, 0, 0, 3, 2869.36
1588002311, 1022, 7, 18, 0, 0, 0.54%, 0, 0, 3, 2895.10
1588002316, 1026, 11, 18, 0, 0, 0.54%, 0, 0, 3, 2904.50
1588002321, 1031, 13, 18, 0, 0, 0.54%, 0, 0, 3, 2903.84
1588002326, 1036, 11, 18, 0, 0, 0.54%, 0, 0, 3, 2837.92
1588002331, 1041, 5, 18, 0, 0, 0.54%, 0, 0, 3, 2788.95
1588002336, 1045, 14, 18, 0, 0, 0.54%, 0, 0, 3, 2850.65
1588002342, 1050, 7, 18, 0, 0, 0.54%, 0, 0, 3, 2830.41
1588002347, 1054, 7, 18, 0, 0, 0.54%, 0, 0, 3, 2821.84
1588002352, 1059, 7, 18, 0, 0, 0.54%, 0, 0, 3, 2799.85
1588002357, 1063, 17, 18, 0, 0, 0.54%, 0, 0, 3, 2803.20
1588002362, 1068, 11, 18, 0, 0, 0.54%, 0, 0, 3, 2770.37
1588002368, 1072, 11, 18, 0, 0, 0.54%, 0, 0, 3, 2800.52
1588002373, 1077, 11, 18, 0, 0, 0.54%, 0, 0, 3, 2900.86
1588002378, 1082, 17, 18, 0, 0, 0.54%, 0, 0, 3, 2853.76
1588002383, 1086, 14, 18, 0, 0, 0.54%, 0, 0, 3, 2863.90
1588002388, 1091, 7, 18, 0, 0, 0.54%, 0, 0, 3, 2700.91
1588002393, 1096, 5, 18, 0, 0, 0.54%, 0, 0, 3, 2795.68
1588002398, 1100, 11, 18, 0, 0, 0.54%, 0, 0, 3, 2710.82
1588002404, 1104, 9, 18, 0, 0, 0.54%, 0, 0, 3, 2676.40
1588002409, 1108, 7, 18, 0, 0, 0.54%, 0, 0, 3, 2773.97
1588002414, 1113, 11, 18, 0, 0, 0.54%, 0, 0, 3, 2852.86
1588002419, 1117, 13, 18, 0, 0, 0.54%, 0, 0, 3, 2868.06
1588002424, 1122, 7, 18, 0, 0, 0.54%, 0, 0, 3, 2881.82
1588002429, 1126, 11, 18, 0, 0, 0.54%, 0, 0, 3, 2797.03
1588002435, 1131, 11, 18, 0, 0, 0.54%, 0, 0, 3, 2831.37
1588002440, 1135, 17, 18, 0, 0, 0.54%, 0, 0, 3, 2879.54
