# unix_time, cycles_done, cur_path, paths_total, pending_total, pending_favs, map_size, unique_crashes, unique_hangs, max_depth, execs_per_sec
1588009265, 0, 0, 1, 1, 1, 0.54%, 0, 0, 1, 1600.00
1588009270, 1, 11, 16, 8, 0, 0.54%, 0, 0, 2, 2606.28
1588009275, 5, 12, 16, 1, 0, 0.54%, 0, 0, 2, 2732.78
1588009281, 12, 3, 16, 0, 0, 0.54%, 0, 0, 2, 2684.38
1588009286, 18, 3, 16, 0, 0, 0.54%, 0, 0, 2, 2806.21
1588009291, 24, 10, 16, 0, 0, 0.54%, 0, 0, 2, 2901.21
1588009296, 30, 12, 16, 0, 0, 0.54%, 0, 0, 2, 2934.28
1588009301, 36, 6, 16, 0, 0, 0.54%, 0, 0, 2, 2899.53
1588009306, 42, 6, 16, 0, 0, 0.54%, 0, 0, 2, 2824.11
1588009312, 49, 6, 16, 0, 0, 0.54%, 0, 0, 2, 2873.71
1588009317, 55, 10, 16, 0, 0, 0.54%, 0, 0, 2, 2796.10
1588009322, 61, 14, 16, 0, 0, 0.54%, 0, 0, 2, 2836.40
1588009327, 67, 2, 16, 0, 0, 0.54%, 0, 0, 2, 2847.29
1588009332, 72, 6, 16, 0, 0, 0.54%, 0, 0, 2, 2862.99
1588009337, 79, 6, 16, 0, 0, 0.54%, 0, 0, 2, 2902.40
1588009342, 85, 3, 16, 0, 0, 0.54%, 0, 0, 2, 2967.12
1588009348, 92, 2, 16, 0, 0, 0.54%, 0, 0, 2, 2966.91
1588009353, 99, 6, 16, 0, 0, 0.54%, 0, 0, 2, 2913.33
1588009358, 106, 6, 16, 0, 0, 0.54%, 0, 0, 2, 2872.64
1588009363, 112, 6, 16, 0, 0, 0.54%, 0, 0, 2, 2804.12
1588009368, 118, 1, 16, 0, 0, 0.54%, 0, 0, 2, 2946.95
1588009373, 124, 3, 16, 0, 0, 0.54%, 0, 0, 2, 2975.58
1588009379, 131, 10, 16, 0, 0, 0.54%, 0, 0, 2, 2981.12
1588009384, 137, 10, 16, 0, 0, 0.54%, 0, 0, 2, 2984.31
1588009389, 144, 8, 16, 0, 0, 0.54%, 0, 0, 2, 2986.51
1588009394, 150, 6, 16, 0, 0, 0.54%, 0, 0, 2, 2987.81
1588009399, 156, 12, 16, 0, 0, 0.54%, 0, 0, 2, 2985.24
1588009404, 162, 10, 16, 0, 0, 0.54%, 0, 0, 2, 2980.68
1588009410, 169, 6, 16, 0, 0, 0.54%, 0, 0, 2, 2974.68
1588009415, 175, 6, 16, 0, 0, 0.54%, 0, 0, 2, 2975.74
1588009420, 181, 13, 16, 0, 0, 0.54%, 0, 0, 2, 2981.08
1588009425, 187, 12, 16, 0, 0, 0.54%, 0, 0, 2, 2978.94
1588009430, 194, 3, 16, 0, 0, 0.54%, 0, 0, 2, 2980.32
1588009436, 199, 7, 16, 0, 0, 0.54%, 0, 0, 2, 2976.48
1588009441, 205, 10, 16, 0, 0, 0.54%, 0, 0, 2, 2974.00
1588009446, 212, 6, 16, 0, 0, 0.54%, 0, 0, 2, 2976.55
1588009451, 218, 7, 16, 0, 0, 0.54%, 0, 0, 2, 2977.83
1588009456, 225, 10, 16, 0, 0, 0.54%, 0, 0, 2, 2975.23
1588009461, 233, 10, 16, 0, 0, 0.54%, 0, 0, 2, 2976.73
1588009466, 238, 12, 16, 0, 0, 0.54%, 0, 0, 2, 2975.94
1588009472, 245, 10, 16, 0, 0, 0.54%, 0, 0, 2, 2953.86
1588009477, 252, 6, 16, 0, 0, 0.54%, 0, 0, 2, 2881.66
1588009482, 259, 3, 16, 0, 0, 0.54%, 0, 0, 2, 2877.36
1588009487, 265, 10, 16, 0, 0, 0.54%, 0, 0, 2, 2744.78
1588009492, 270, 11, 16, 0, 0, 0.54%, 0, 0, 2, 2773.38
1588009497, 277, 6, 16, 0, 0, 0.54%, 0, 0, 2, 2786.56
1588009503, 283, 6, 16, 0, 0, 0.54%, 0, 0, 2, 2800.05
1588009508, 288, 10, 16, 0, 0, 0.54%, 0, 0, 2, 2817.48
1588009513, 294, 10, 16, 0, 0, 0.54%, 0, 0, 2, 2878.21
1588009518, 300, 3, 16, 0, 0, 0.54%, 0, 0, 2, 2730.91
1588009523, 306, 3, 16, 0, 0, 0.54%, 0, 0, 2, 2793.53
1588009528, 312, 6, 16, 0, 0, 0.54%, 0, 0, 2, 2845.98
1588009534, 317, 10, 16, 0, 0, 0.54%, 0, 0, 2, 2838.42
1588009539, 323, 6, 16, 0, 0, 0.54%, 0, 0, 2, 2810.71
1588009544, 330, 5, 16, 0, 0, 0.54%, 0, 0, 2, 2808.93
1588009549, 335, 12, 16, 0, 0, 0.54%, 0, 0, 2, 2826.41
1588009554, 342, 10, 16, 0, 0, 0.54%, 0, 0, 2, 2885.73
1588009559, 347, 15, 16, 0, 0, 0.54%, 0, 0, 2, 2883.26
1588009564, 354, 9, 16, 0, 0, 0.54%, 0, 0, 2, 2759.54
1588009570, 358, 13, 16, 0, 0, 0.54%, 0, 0, 2, 2771.86
1588009575, 364, 6, 16, 0, 0, 0.54%, 0, 0, 2, 2766.90
1588009580, 370, 10, 16, 0, 0, 0.54%, 0, 0, 2, 2750.98
1588009585, 376, 12, 16, 0, 0, 0.54%, 0, 0, 2, 2730.47
1588009590, 383, 3, 16, 0, 0, 0.54%, 0, 0, 2, 2756.32
1588009596, 388, 6, 16, 0, 0, 0.54%, 0, 0, 2, 2929.41
1588009601, 395, 12, 16, 0, 0, 0.54%, 0, 0, 2, 2957.74
1588009606, 402, 10, 16, 0, 0, 0.54%, 0, 0, 2, 2970.92
1588009611, 409, 1, 16, 0, 0, 0.54%, 0, 0, 2, 2964.13
1588009616, 415, 10, 16, 0, 0, 0.54%, 0, 0, 2, 2966.56
1588009621, 421, 10, 16, 0, 0, 0.54%, 0, 0, 2, 2968.26
1588009626, 429, 3, 16, 0, 0, 0.54%, 0, 0, 2, 2964.60
1588009631, 434, 15, 16, 0, 0, 0.54%, 0, 0, 2, 2957.58
1588009637, 441, 6, 16, 0, 0, 0.54%, 0, 0, 2, 2956.56
1588009642, 447, 13, 16, 0, 0, 0.54%, 0, 0, 2, 2957.69
1588009647, 454, 3, 16, 0, 0, 0.54%, 0, 0, 2, 2958.11
1588009652, 461, 6, 16, 0, 0, 0.54%, 0, 0, 2, 2959.27
1588009657, 467, 10, 16, 0, 0, 0.54%, 0, 0, 2, 2961.38
1588009662, 474, 6, 16, 0, 0, 0.54%, 0, 0, 2, 2958.70
1588009668, 480, 10, 16, 0, 0, 0.54%, 0, 0, 2, 2958.03
1588009673, 486, 13, 16, 0, 0, 0.54%, 0, 0, 2, 2807.50
1588009678, 493, 6, 16, 0, 0, 0.54%, 0, 0, 2, 2804.71
1588009683, 499, 10, 16, 0, 0, 0.54%, 0, 0, 2, 2766.60
1588009688, 505, 2, 16, 0, 0, 0.54%, 0, 0, 2, 2827.49
1588009694, 511, 13, 16, 0, 0, 0.54%, 0, 0, 2, 2837.74
1588009699, 518, 12, 16, 0, 0, 0.54%, 0, 0, 2, 2930.92
1588009704, 524, 6, 16, 0, 0, 0.54%, 0, 0, 2, 2796.35
1588009709, 530, 10, 16, 0, 0, 0.54%, 0, 0, 2, 2729.75
1588009714, 537, 10, 16, 0, 0, 0.54%, 0, 0, 2, 2756.22
1588009719, 544, 6, 16, 0, 0, 0.54%, 0, 0, 2, 2751.04
1588009725, 550, 10, 16, 0, 0, 0.54%, 0, 0, 2, 2796.10
1588009730, 556, 12, 16, 0, 0, 0.54%, 0, 0, 2, 2712.82
1588009735, 563, 6, 16, 0, 0, 0.54%, 0, 0, 2, 2819.31
1588009740, 569, 10, 16, 0, 0, 0.54%, 0, 0, 2, 2845.15
1588009745, 575, 12, 16, 0, 0, 0.54%, 0, 0, 2, 2852.55
1588009750, 582, 6, 16, 0, 0, 0.54%, 0, 0, 2, 2831.75
1588009756, 587, 10, 16, 0, 0, 0.54%, 0, 0, 2, 2708.55
1588009761, 593, 10, 16, 0, 0, 0.54%, 0, 0, 2, 2742.58
1588009766, 599, 12, 16, 0, 0, 0.54%, 0, 0, 2, 2821.44
1588009771, 605, 10, 16, 0, 0, 0.54%, 0, 0, 2, 2830.49
1588009776, 612, 10, 16, 0, 0, 0.54%, 0, 0, 2, 2897.56
1588009781, 618, 3, 16, 0, 0, 0.54%, 0, 0, 2, 2785.65
1588009786, 625, 3, 16, 0, 0, 0.54%, 0, 0, 2, 2810.33
1588009792, 631, 6, 16, 0, 0, 0.54%, 0, 0, 2, 2777.22
1588009797, 637, 3, 16, 0, 0, 0.54%, 0, 0, 2, 2884.07
1588009802, 644, 3, 16, 0, 0, 0.54%, 0, 0, 2, 2936.52
1588009807, 650, 10, 16, 0, 0, 0.54%, 0, 0, 2, 2965.92
1588009812, 656, 10, 16, 0, 0, 0.54%, 0, 0, 2, 2828.55
1588009817, 663, 10, 16, 0, 0, 0.54%, 0, 0, 2, 2865.92
1588009822, 670, 6, 16, 0, 0, 0.54%, 0, 0, 2, 2910.39
1588009828, 676, 8, 16, 0, 0, 0.54%, 0, 0, 2, 2948.63
1588009833, 683, 6, 16, 0, 0, 0.54%, 0, 0, 2, 2971.02
1588009838, 689, 6, 16, 0, 0, 0.54%, 0, 0, 2, 2990.01
1588009843, 696, 3, 16, 0, 0, 0.54%, 0, 0, 2, 2990.95
1588009848, 702, 14, 16, 0, 0, 0.54%, 0, 0, 2, 2992.55
1588009853, 709, 6, 16, 0, 0, 0.54%, 0, 0, 2, 2991.06
1588009859, 715, 6, 16, 0, 0, 0.54%, 0, 0, 2, 2988.13
